123;200;900.2;20170412
122;201;940;20170413
123;202;800;20170414
123;200;900.2;20170412
122;201;940;20170413
123;202;800;20170414
123;200;900.2;20170412
122;201;940;20170413
123;202;800;20170414
123;200;900.2;20170412
122;201;940;20170413
123;202;800;20170414
123;200;900.2;20170412
122;201;940;20170413
123;202;800;20170414
123;200;900.2;20170412
122;201;940;20170413
123;202;800;20170414
123;200;900.2;20170412
122;201;940;20170413
123;202;800;20170414
123;200;900.2;20170412
122;201;940;20170413
123;202;800;20170414
